<?xml version="1.0"?>
<opencv_storage>
<HOG type_id="opencv-object-detector-hog">
  <winSize>
    64 128</winSize>
  <blockSize>
    16 16</blockSize>
  <blockStride>
    8 8</blockStride>
  <cellSize>
    8 8</cellSize>
  <nbins>9</nbins>
  <derivAperture>1</derivAperture>
  <winSigma>4.</winSigma>
  <histogramNormType>0</histogramNormType>
  <L2HysThreshold>2.0000000000000001e-01</L2HysThreshold>
  <gammaCorrection>1</gammaCorrection>
  <nlevels>64</nlevels>
  <signedGradient>0</signedGradient>
  <SVMDetector>
    3.32784606e-03 5.79237239e-03 6.72976067e-03 -3.74310097e-04
    1.30718504e-03 -1.17387611e-03 1.87297829e-03 2.79628299e-03
    4.47161775e-03 -9.90942935e-04 7.03856535e-03 9.06891003e-03
    3.48348659e-03 -5.08396327e-03 -1.07209114e-02 -2.87401373e-03
    -3.25237797e-03 -1.16044725e-03 1.17278863e-02 1.14483116e-02
    5.59548289e-03 5.15939726e-04 6.02016598e-03 8.38811416e-03
    7.89209642e-03 1.12927333e-02 1.16311098e-02 2.64069485e-03
    6.58934889e-03 7.69965351e-03 5.76915266e-03 8.43667425e-03
    -4.29310370e-03 -1.77000021e-03 -5.66633709e-04 3.18515184e-03
    -1.63699943e-03 7.87578244e-03 7.82601070e-03 5.73040731e-03
    -3.49219493e-03 -5.85157704e-03 -3.73253645e-03 -7.97873829e-03
    -4.74964501e-03 3.52361938e-03 9.36464686e-03 7.07593421e-03
    4.13298002e-03 3.41340783e-03 -7.53469067e-04 -4.19586711e-03
    -4.11227299e-03 -1.47585617e-03 -9.48800938e-04 4.10585105e-03
    8.42861086e-03 6.70593325e-03 2.43505626e-03 -5.46487654e-03
    -7.18103442e-03 -6.54224120e-03 -1.03031995e-03 5.25922514e-04
    5.73384110e-03 4.67269029e-03 5.93722472e-03 1.25634940e-02
    4.20647813e-03 -5.31631010e-03 -1.03558821e-03 3.41408374e-03
    -6.88649190e-04 -2.37652464e-04 2.21222895e-03 1.31222163e-03
    3.39267310e-03 -1.62402308e-03 -7.93752261e-03 -5.02427528e-03
    -4.66809468e-03 9.75428848e-04 3.61442636e-03 2.97824689e-03
    1.32289354e-03 -2.06598942e-03 -3.58884048e-04 -5.37214917e-04
    -1.71637128e-03 -3.45015246e-03 -5.07673947e-03 3.67159635e-04
    -4.91682615e-04 4.70907195e-03 1.30416462e-02 1.10020954e-03
    -5.47032757e-03 4.42583929e-04 -4.21798136e-03 1.57633808e-03
    1.07943369e-02 1.43619990e-02 6.46177540e-03 6.85745711e-03
    -3.13953869e-03 -1.16030243e-03 -1.95935245e-05 -6.45919982e-03
    -1.95630873e-05 8.19136109e-03 6.08164724e-03 -1.66822795e-03
    -5.80886612e-03 -1.77776790e-03 -1.94709783e-03 -7.82252476e-03
    -5.54036116e-03 3.10837221e-03 1.06125707e-02 1.17149903e-02
    6.37151813e-03 -5.37370448e-04 -5.23382612e-03 -4.82308771e-03
    -8.35570972e-03 -1.58111530e-03 -5.39427449e-04 7.62876589e-03
    1.00658489e-02 2.78306630e-04 -7.91463011e-04 -3.64259677e-03
    -3.37453140e-03 -7.34158745e-03 -8.90837796e-03 1.08470069e-03
    8.35874025e-03 1.22496216e-02 9.90063697e-03 6.25949120e-03
    4.35031136e-04 -5.34804538e-03 -1.03804618e-02 -5.12027182e-03
    2.17358582e-03 3.70828202e-03 5.18179080e-03 3.52712232e-03
    -5.00209257e-03 -5.41346986e-03 -1.19969039e-03 -4.34746081e-03
    -9.04190762e-04 4.14586905e-03 8.44137557e-03 5.55394916e-03
    -3.47931706e-03 -1.54596465e-02 -1.22907162e-02 -6.52856473e-03
    -4.00616881e-03 -1.30612263e-03 -2.26008822e-03 8.48660711e-03
    9.55444947e-03 6.71594217e-03 8.57717067e-04 -4.90527041e-03
    -4.28503426e-03 -4.97988006e-03 -6.35512499e-03 4.33203531e-03
    2.67060176e-02 2.56640669e-02 1.40683735e-02 -8.27848539e-03
    -1.46004958e-02 -8.53532087e-03 -5.57585619e-03 -8.29456374e-03
    -5.65037830e-04 3.74997035e-03 1.63549860e-03 -5.01583377e-03
    -1.38557702e-02 -1.67972390e-02 -9.17664450e-03 -3.65594798e-03
    -5.82149532e-03 4.20485623e-03 1.31407874e-02 5.19850012e-03
    -9.02041979e-03 -1.83042437e-02 -1.79133210e-02 -8.02949537e-03
    9.16955993e-04 -4.71811334e-04 -1.74852903e-03 1.86529551e-02
    2.33663339e-02 6.08445378e-03 -9.33706388e-03 -1.53142763e-02
    -7.02289632e-03 -6.18154835e-03 -1.01635298e-02 1.51652163e-02
    1.91433150e-02 1.97632965e-02 4.36763093e-03 -1.04746912e-02
    -1.42044192e-02 -3.57559463e-03 1.07108290e-05 2.76507344e-03
    5.02864551e-03 1.24881873e-02 2.55365949e-03 -1.02720875e-02
    -1.89480130e-02 -1.47081008e-02 -9.02454369e-03 -3.96198407e-03
    1.60522712e-03 1.06900623e-02 8.17804411e-03 7.05703103e-04
    -9.75176599e-03 -1.79459061e-02 -1.55249098e-02 -1.14056151e-02
    -3.64977401e-03 6.70190668e-03 1.27190650e-02 1.56610347e-02
    1.19786505e-02 -3.99923156e-04 -1.28923580e-02 -1.31350774e-02
    -5.67080732e-03 -5.77628426e-03 3.06584942e-03 1.00445040e-02
    1.65703762e-02 1.27583630e-02 1.89947861e-03 -5.41260885e-03
    -8.96390527e-03 -7.14788539e-03 -7.09443819e-03 1.35802035e-03
    1.37759754e-02 8.58714432e-03 -1.27388292e-03 -1.01965731e-02
    -1.64809320e-02 -1.27003724e-02 -1.10145016e-02 3.04902415e-03
    1.08418912e-02 9.54707805e-03 6.21083612e-03 -1.06843691e-02
    -1.82778146e-02 -2.21866705e-02 -1.93073917e-02 -1.12652378e-02
    1.36459339e-02 1.33245625e-02 8.35173018e-03 1.09592974e-02
    9.75944940e-03 -3.44888977e-04 -4.36091749e-03 -5.23730181e-03
    -5.25945984e-03 -1.55322181e-04 8.58311891e-04 4.27580299e-03
    3.70852952e-03 1.74479221e-03 -5.94633026e-03 -8.56611133e-03
    -1.09045934e-02 -2.97206896e-03 1.04744304e-02 6.15441520e-03
    4.42344230e-03 -1.84223917e-03 -1.19183334e-02 -1.58514827e-02
    -1.87179502e-02 -1.48343565e-02 -2.24861572e-03 1.73653997e-02
    1.25193326e-02 -1.46844867e-03 -1.11378543e-02 -1.58298574e-02
    -1.97055694e-02 -1.88942552e-02 -1.08761461e-02 5.53250546e-03
    1.64096840e-02 1.26523720e-02 2.97685969e-03 2.04811688e-04
    -3.05288541e-03 -5.11809718e-03 -7.21556414e-03 -7.67563982e-03
    5.50615089e-03 1.65170021e-02 1.21420007e-02 1.09688239e-03
    -7.31778750e-03 -7.75124691e-03 -1.30542321e-02 -9.94685385e-03
    -4.51739645e-03 1.34394625e-02 2.43816730e-02 2.00749394e-02
    -4.97473218e-03 -9.48941801e-03 -1.29525047e-02 -1.61093939e-02
    -1.72897037e-02 -9.48840752e-03 9.02718212e-03 1.51300589e-02
    7.62561616e-03 -9.34957061e-03 -9.03851632e-03 -9.96835064e-03
    -1.32888258e-02 -1.49524389e-02 -1.12233730e-02 -2.09634285e-03
    1.74366927e-04 -1.00322743e-03 3.84466513e-03 -6.16368046e-03
    -6.92865672e-03 -1.32798087e-02 -7.23864883e-03 4.36889660e-03
    2.19458956e-02 3.05937100e-02 2.27435045e-02 -3.45641980e-03
    -8.03452078e-03 -1.12215551e-02 -1.41661968e-02 -7.83141516e-03
    8.22434202e-03 1.45497918e-02 1.36715444e-02 9.54182539e-03
    4.63800854e-04 -2.39568949e-03 -1.81952561e-03 -5.11729764e-03
    -3.48526705e-03 -4.65825247e-03 -8.76115737e-05 1.39384333e-03
    8.36875383e-03 -2.66625255e-04 -3.22295702e-03 -3.01219826e-03
    -5.96284820e-03 -3.35434894e-03 -5.86596970e-03 -5.33030089e-03
    4.75189852e-04 6.73619658e-03 -1.89890107e-03 -2.79669324e-03
    -4.74901963e-03 -5.87218674e-03 6.61137002e-03 1.76426768e-02
    1.97663736e-02 1.34555083e-02 1.30245918e-02 -6.50162529e-03
    -2.55726720e-03 9.42746919e-05 -4.94219363e-03 -2.25447817e-03
    -2.56226072e-03 6.42427243e-03 7.54184322e-03 5.63775096e-03
    -8.43699847e-04 -2.14406429e-03 -3.70855839e-03 -4.82354499e-03
    1.31477008e-03 3.13209184e-03 3.71532561e-03 2.66028568e-03
    1.67462672e-03 -2.24592630e-03 -3.10449000e-03 -4.75340895e-03
    -7.91840907e-03 -5.07052930e-04 1.04094092e-02 1.11043528e-02
    6.92690443e-03 -1.10714696e-03 -2.53195269e-03 -9.23883519e-04
    5.18580060e-03 -3.54110333e-03 -2.55863601e-03 4.66090720e-03
    1.36745824e-02 9.77300480e-03 2.50161975e-03 2.61613692e-04
    9.99363605e-04 2.33431556e-03 3.47395893e-03 6.48816628e-03
    1.35133872e-02 1.39768487e-02 5.24204317e-03 -1.77437987e-03
    1.28237007e-03 -1.13218685e-03 -1.16298744e-03 -9.06668883e-03
    -2.85856891e-03 3.26523883e-03 6.54821377e-03 8.47112015e-03
    1.02666160e-03 4.92513319e-03 4.15756740e-03 6.41800882e-03
    -4.45812382e-03 -2.73329322e-03 -4.71057836e-03 2.76191998e-03
    4.86926408e-03 3.14581441e-03 4.74801566e-03 7.41019985e-03
