%YAML:1.0
---
R: !!opencv-matrix
   rows: 3
   cols: 3
   dt: d
   data: [    999.997666768097e-003 ,  -199.650167083333e-006 ,  -2.15095285221047e-003,
    195.298266946126e-006  ,  999.997934130537e-003  , -2.02326301933838e-003,
    2.15135235342252e-003 ,   2.02283822123224e-003  ,  999.995639894786e-003 ]
T: !!opencv-matrix
   rows: 3
   cols: 1
   dt: d
   data: [   -147.804470205475e+000   , 429.745685754050e-003 ,  -3.62706631152039e+000 ]
R1: !!opencv-matrix
   rows: 3
   cols: 3
   dt: d
   data: [  0.999745, -0.0030566, 0.0223876, 
      0.00307931, 0.999995, -0.000979809, 
      -0.0223845, 0.0010485, 0.999749  ]
R2: !!opencv-matrix
   rows: 3
   cols: 3
   dt: d
   data: [0.999695, -0.00290664, 0.0245321, 
      0.00288176, 0.999995, 0.00104965, 
      -0.0245351, -0.000978632, 0.999698]
P1: !!opencv-matrix
   rows: 3
   cols: 4
   dt: d
   data: [244.4, 0, 160.186, 0, 
      0, 244.4, 126.997, 0, 
      0, 0, 1, 0]
P2: !!opencv-matrix
   rows: 3
   cols: 4
   dt: d
   data: [ 244.4, 0, 160.186, -36134.4, 
      0, 244.4, 126.997, 0, 
      0, 0, 1, 0 ]
Q: !!opencv-matrix
   rows: 4
   cols: 4
   dt: d
   data: [1, 0, 0, -160.186, 
      0, 1, 0, -126.997, 
      0, 0, 0, 244.4, 
      0, 0, 0.00676363, -0]
