%YAML:1.0
---
R: !!opencv-matrix
   rows: 3
   cols: 3
   dt: d
   data: [ 0.999947381809669,  0.000415863044387241 ,
       0.0102499107272601, -0.000430496487306946 ,
         0.999998891310050    , 0.00142550041903366,
      -0.0102493065503430,  -0.00142983796234459,
       0.999946452205636]
T: !!opencv-matrix
   rows: 3
   cols: 1
   dt: d
   data: [ -146.979492970103  , 0.187638592088574 ,
       -4.31920639452659 ]
R1: !!opencv-matrix
   rows: 3
   cols: 3
   dt: d
   data: [  0.999215, -0.000902394,
       0.0396158 ,0.000873858,
        0.999999, 0.000737635 ,
      -0.0396165, 0.000702437,
       0.999215  ]
R2: !!opencv-matrix
   rows: 3
   cols: 3
   dt: d
   data: [ 0.999568, -0.00127608,
     0.0293738 , 0.00129724,
       0.999999 ,-0.000701198 ,
       -0.0293728 ,  0.000739,
       0.999568  ]
P1: !!opencv-matrix
   rows: 3
   cols: 4
   dt: d
   data: [ 242.454, 0., 155.78, 0., 0.,
       242.454, 129.058, 0., 0., 0., 1.,
       0. ]
P2: !!opencv-matrix
   rows: 3
   cols: 4
   dt: d
   data: [ 242.454, 0., 155.78,
       -35651.2, 0., 242.454,
        129.058, 0., 0., 0., 1., 0. ]
Q: !!opencv-matrix
   rows: 4
   cols: 4
   dt: d
   data: [ 1., 0., 0., -155.78 , 0., 1., 0.,
       -129.058 , 0., 0., 0., 242.454 , 0.,
       0., 0.00680073, 0. ]
