%YAML:1.0
---
R: !!opencv-matrix
   rows: 3
   cols: 3
   dt: d
   data: [     999.999962589821e-003  , -165.037069165271e-006  , -218.135561245653e-006,
    164.772431227910e-006 ,   999.999251173465e-003  , -1.21264279824266e-003,
    218.335528913326e-006  ,  1.21260681015071e-003 ,   999.999240956872e-003]
T: !!opencv-matrix
   rows: 3
   cols: 1
   dt: d
   data: [    -147.526395282078e+000   , 214.371985201661e-003 ,  -1.54976861186932e+000 ]
R1: !!opencv-matrix
   rows: 3
   cols: 3
   dt: d
   data: [ 0.999946, -0.00160532, 0.0102881, 
      0.00161164, 0.999999, -0.000606483, 
      -0.0102871, 0.000623031, 0.999947]
R2: !!opencv-matrix
   rows: 3
   cols: 3
   dt: d
   data: [ 0.999944, -0.00145303, 0.0105044, 
      0.00144674, 0.999999, 0.000606474, 
      -0.0105053, -0.000591243, 0.999945 ]
P1: !!opencv-matrix
   rows: 3
   cols: 4
   dt: d
   data: [ 238.067, 0, 158.608, 0, 
      0, 238.067, 120.162, 0, 
      0, 0, 1, 0]
P2: !!opencv-matrix
   rows: 3
   cols: 4
   dt: d
   data: [ 238.067, 0, 158.608, -35123.1, 
      0, 238.067, 120.162, 0, 
      0, 0, 1, 0]
Q: !!opencv-matrix
   rows: 4
   cols: 4
   dt: d
   data: [ 1, 0, 0, -158.608, 
      0, 1, 0, -120.162, 
      0, 0, 0, 238.067, 
      0, 0, 0.00677807, -0 ]
