%YAML:1.0
---
M1: !!opencv-matrix
   rows: 3
   cols: 3
   dt: d
   data: [    255.182902351149e+000, 250.057380906585e-003, 169.536117944381e+000,
    0., 255.665245127925e+000, 128.240090966987e+000,0., 0., 1. ]
D1: !!opencv-matrix
   rows: 1
   cols: 5
   dt: d
   data: [ -44.7831878912036e-003,  364.867201791959e-003 ,  -2.55758857075131e-003  ,  5.04832596797109e-003, -733.111530746919e-003]
M2: !!opencv-matrix
   rows: 3
   cols: 3
   dt: d
   data: [    255.157104548681e+000   , 157.050192520906e-003  ,  169.557258719641e+000,
    0.    ,254.697520333328e+000  ,  128.375394413738e+000,
    0. ,   0.,    1. ]
D2: !!opencv-matrix
   rows: 1
   cols: 5
   dt: d
   data: [  156.314972904964e-006,    65.2865562944919e-003  , -1.82749029623074e-003 ,   7.53579407323362e-003, -127.404184112337e-003]


   

