%YAML:1.0
---
M1: !!opencv-matrix
   rows: 3
   cols: 3
   dt: d
   data: [      249.082957197425e+000  , -200.359404797649e-003  ,  166.309942567092e+000,
    0.  ,  249.244628370860e+000,    126.902585976335e+000,
    0.  ,  0. ,   1.  ]
D1: !!opencv-matrix
   rows: 1
   cols: 5
   dt: d
   data: [    -18.9961562786699e-003   , 113.252904283533e-003 , 332.714505056443e-006 ,   1.82023753966688e-003 ,  -179.530699769050e-003]
M2: !!opencv-matrix
   rows: 3
   cols: 3
   dt: d
   data: [     247.776531921255e+000  ,  10.5646287593647e-003  ,  166.953571888580e+000,
    0.  ,  247.555024009509e+000   , 127.017830133104e+000,
    0. ,   0.  ,  1.  ]
D2: !!opencv-matrix
   rows: 1
   cols: 5
   dt: d
   data: [   -19.5268424852107e-003  ,  70.2816467268282e-003  , -370.932255602477e-006 ,   3.23270286942211e-003 ,-81.8379430749810e-003 ]


   

