%YAML:1.0
---
M1: !!opencv-matrix
   rows: 3
   cols: 3
   dt: d
   data: [      247.629253272635e+000 ,   187.605064563402e-003 ,   161.161142331544e+000,
    0.   , 247.815093392319e+000   , 125.877772321792e+000,
    0.   , 0. ,   1.  ]
D1: !!opencv-matrix
   rows: 1
   cols: 5
   dt: d
   data: [   -33.5447209317270e-003 ,   136.514622839671e-003 ,-2.98847525321890e-003  ,  2.97815520821726e-003, -218.351945582253e-003 ]
M2: !!opencv-matrix
   rows: 3
   cols: 3
   dt: d
   data: [      248.471659656283e+000  , -257.813144144725e-003   , 161.421115737344e+000,
    0.  ,  248.478876889684e+000   , 126.228786847430e+000,
    0. ,   0. ,   1. ]
D2: !!opencv-matrix
   rows: 1
   cols: 5
   dt: d
   data: [   -25.7648255710737e-003  ,  99.1410589857683e-003    , -2.33681738328809e-003 ,   2.44534240168574e-003 ,-146.237179789307e-003]


