%YAML:1.0
---
R: !!opencv-matrix
   rows: 3
   cols: 3
   dt: d
   data: [ 9.9999877434301399e-01, 7.8411716106758101e-04,
       -1.3551652104141826e-03, -7.8344929614819014e-04,
       9.9999957143611695e-01, 4.9328975541459313e-04,
       1.3555514266019211e-03, -4.9222744758028363e-04,
       9.9999896009569411e-01 ]
T: !!opencv-matrix
   rows: 3
   cols: 1
   dt: d
   data: [ -1.5377582745224432e+01, 2.0194364713362712e-02,
       1.2945939652383132e-01 ]
R1: !!opencv-matrix
   rows: 3
   cols: 3
   dt: d
   data: [ 9.9995209397618734e-01, -5.2495331516133408e-04,
       -9.7741586162144317e-03, 5.2738185106141226e-04,
       9.9999983070342902e-01, 2.4588919616662337e-04,
       9.7740278811342118e-03, -2.5103213045650225e-04,
       9.9995220153857767e-01 ]
R2: !!opencv-matrix
   rows: 3
   cols: 3
   dt: d
   data: [ 9.9996370235273146e-01, -1.3131863466451870e-03,
       -8.4184035681761013e-03, 1.3111650124465757e-03,
       9.9999911025730004e-01, -2.4562353052399294e-04,
       8.4187186274296867e-03, 2.3457669874849443e-04,
       9.9996453444631950e-01 ]
P1: !!opencv-matrix
   rows: 3
   cols: 4
   dt: d
   data: [ 5.2137146709295303e+02, 0., 3.2830114746093750e+02, 0., 0.,
       5.2137146709295303e+02, 2.4034722137451172e+02, 0., 0., 0., 1.,
       0. ]
P2: !!opencv-matrix
   rows: 3
   cols: 4
   dt: d
   data: [ 5.2137146709295303e+02, 0., 3.2830114746093750e+02,
       -8.0177239007349854e+03, 0., 5.2137146709295303e+02,
       2.4034722137451172e+02, 0., 0., 0., 1., 0. ]
Q: !!opencv-matrix
   rows: 4
   cols: 4
   dt: d
   data: [ 1., 0., 0., -3.2830114746093750e+02, 0., 1., 0.,
       -2.4034722137451172e+02, 0., 0., 0., 5.2137146709295303e+02, 0.,
       0., 6.5027366063972206e-02, 0. ]
