%YAML:1.0
---
M1: !!opencv-matrix
   rows: 3
   cols: 3
   dt: d
   data: [ 5.6515366524633237e+02, 0., 3.1961149532321417e+02, 0.,
       5.6450194015361603e+02, 2.4053519577446571e+02, 0., 0., 1. ]
D1: !!opencv-matrix
   rows: 1
   cols: 14
   dt: d
   data: [ -4.6293439977262006e-02, 3.2614482550789120e-01, 0., 0., 0.,
       0., 0., 4.5372832151344900e-01, 0., 0., 0., 0., 0., 0. ]
M2: !!opencv-matrix
   rows: 3
   cols: 3
   dt: d
   data: [ 5.6515366524633237e+02, 0., 3.2181546335155798e+02, 0.,
       5.6450194015361603e+02, 2.4009472715495633e+02, 0., 0., 1. ]
D2: !!opencv-matrix
   rows: 1
   cols: 14
   dt: d
   data: [ -6.7106599243448549e-03, 3.0139512051292561e-01, 0., 0., 0.,
       0., 0., 9.2037227772330898e-01, 0., 0., 0., 0., 0., 0. ]
