%YAML:1.0
---
R: !!opencv-matrix
   rows: 3
   cols: 3
   dt: d
   data: [ 9.9982976167859638e-01, 8.0397545910950759e-06,
       -1.8451222102707606e-02, -2.0491885334356357e-04,
       9.9994307020467688e-01, -1.0668381222486454e-02,
       1.8450085907242921e-02, 1.0670346058451120e-02,
       9.9977284322240334e-01 ]
T: !!opencv-matrix
   rows: 3
   cols: 1
   dt: d
   data: [ 5.8840315841058866e+00, -9.4161476812291509e-03,
       4.4855799753191802e-02 ]
R1: !!opencv-matrix
   rows: 3
   cols: 3
   dt: d
   data: [ -9.9994040471660617e-01, 1.5107683799658034e-03,
       1.0812242787322866e-02, -1.4529986227557533e-03,
       -9.9998463914300040e-01, 5.3488571719329300e-03,
       1.0820157586291870e-02, 5.3328282313950546e-03,
       9.9992723991941646e-01 ]
R2: !!opencv-matrix
   rows: 3
   cols: 3
   dt: d
   data: [ -9.9996966348749383e-01, 1.6002398854523376e-03,
       -7.6230792346226855e-03, -1.5594838494777737e-03,
       -9.9998447612277075e-01, -5.3493479594297040e-03,
       -7.6315211348423817e-03, -5.3372976099187496e-03,
       9.9995663562946147e-01 ]
P1: !!opencv-matrix
   rows: 3
   cols: 4
   dt: d
   data: [ 4.1690439717650065e+02, 0., 3.0257575988769531e+02, 0., 0.,
       4.1690439717650065e+02, 2.4284903144836426e+02, 0., 0., 0., 1.,
       0. ]
P2: !!opencv-matrix
   rows: 3
   cols: 4
   dt: d
   data: [ 4.1690439717650065e+02, 0., 3.0257575988769531e+02,
       -2.4531530606476590e+03, 0., 4.1690439717650065e+02,
       2.4284903144836426e+02, 0., 0., 0., 1., 0. ]
Q: !!opencv-matrix
   rows: 4
   cols: 4
   dt: d
   data: [ 1., 0., 0., -3.0257575988769531e+02, 0., 1., 0.,
       -2.4284903144836426e+02, 0., 0., 0., 4.1690439717650065e+02, 0.,
       0., 1.6994634532361116e-01, 0. ]
