%YAML:1.0
---
M1: !!opencv-matrix
   rows: 3
   cols: 3
   dt: d
   data: [ 5.2654293041137964e+02, 0., 3.2449326559595420e+02, 0.,
       5.2247856787192950e+02, 2.3715255692825417e+02, 0., 0., 1. ]
D1: !!opencv-matrix
   rows: 1
   cols: 14
   dt: d
   data: [ -1.2130784099637585e-03, 3.8596040156183359e-01, 0., 0., 0.,
       0., 0., 9.8621810370636898e-01, 0., 0., 0., 0., 0., 0. ]
M2: !!opencv-matrix
   rows: 3
   cols: 3
   dt: d
   data: [ 5.2654293041137964e+02, 0., 3.3379474459814793e+02, 0.,
       5.2247856787192950e+02, 2.4302261536190130e+02, 0., 0., 1. ]
D2: !!opencv-matrix
   rows: 1
   cols: 14
   dt: d
   data: [ 1.3398171720339474e-02, -4.4344145735087707e-02, 0., 0., 0.,
       0., 0., -2.0058281936024386e-01, 0., 0., 0., 0., 0., 0. ]
