<?xml version="1.0"?>
<opencv_storage>
<calibration_Time>"Πεμ 26 Απρ 2018 02:37:27 μμ EEST"</calibration_Time>
<nrOfFrames>13</nrOfFrames>
<image_Width>640</image_Width>
<image_Height>480</image_Height>
<board_Width>8</board_Width>
<board_Height>6</board_Height>
<square_Size>2.5999999046325684e+00</square_Size>
<FixAspectRatio>1.</FixAspectRatio>
<!-- flags:  +fix_aspectRatio +fix_principal_point -->
<flagValue>6</flagValue>
<Camera_Matrix type_id="opencv-matrix">
  <rows>3</rows>
  <cols>3</cols>
  <dt>d</dt>
  <data>
    5.4605328429023791e+02 0. 320. 0. 5.4605328429023791e+02 240. 0. 0.
    1.</data></Camera_Matrix>
<Distortion_Coefficients type_id="opencv-matrix">
  <rows>5</rows>
  <cols>1</cols>
  <dt>d</dt>
  <data>
    1.7833668819511015e-02 3.2252545257875542e-01
    -6.5528146568544004e-03 -4.1020111207120472e-03
    -1.1202137811348905e+00</data></Distortion_Coefficients>
<Avg_Reprojection_Error>3.2304043494856111e-01</Avg_Reprojection_Error>
<Per_View_Reprojection_Errors type_id="opencv-matrix">
  <rows>13</rows>
  <cols>1</cols>
  <dt>f</dt>
  <data>
    1.27977729e-01 4.15804029e-01 1.56386688e-01 2.15722159e-01
    3.11187536e-01 5.41843474e-01 4.21485782e-01 1.81888729e-01
    2.14446232e-01 3.38953912e-01 4.02953714e-01 3.10180396e-01
    2.75183856e-01</data></Per_View_Reprojection_Errors>
<!-- a set of 6-tuples (rotation vector + translation vector) for each view -->
<Extrinsic_Parameters type_id="opencv-matrix">
  <rows>13</rows>
  <cols>6</cols>
  <dt>d</dt>
  <data>
    -1.5440354675665194e-01 1.9163068257078544e-01
    4.9731054463067907e-02 -9.8843582930399148e+00
    -1.1305848942101992e+01 7.0891349737288166e+01
    -1.3655647253658722e-02 2.0205237614872207e-01
    -3.5288803987498819e-02 -2.3794240480774253e+01
    -1.2387855474568868e+01 5.2482634892059536e+01
    -3.7107000999772169e-02 3.3321255927768273e-02
    3.6939214446988999e-01 -1.2436310126352375e+01
    -1.2296877919812836e+01 5.2299007178151712e+01
    -3.3002770457465996e-01 -1.5632312190046550e-02
    5.0225148362652150e-01 -1.7099789555608563e+01
    -1.1775954395413706e+01 5.2055918494029648e+01
    -4.1606091533488121e-01 3.4819611146674478e-01
    -5.7078719889816920e-01 -9.7806427490757137e+00
    -1.3695378070981725e+00 6.0678554694176100e+01
    -3.6964027304046065e-01 3.0276342459288386e-01
    -5.1089284445799099e-01 -2.1433429342613795e+01
    -2.9625147997021641e+00 4.8220671780346805e+01
    -3.4564972929059290e-01 1.5302086456880395e-01
    -6.3668286079912406e-01 -1.9004648972180185e+01
    -3.4568144713463784e+00 4.8092711669165951e+01
    -2.5920867376883899e-01 4.7605964117077092e-02
    5.1176408891048486e-01 -1.5744634378052488e+01
    -9.9016093615414338e+00 4.9840572285822567e+01
    -5.7414486970646481e-02 1.9728156678966466e-01
    1.1115176178492925e+00 -6.7963828337638859e+00
    -1.3034059686264710e+01 4.6901996645869957e+01
    -3.0539381507815233e-01 4.6993489971027441e-01
    1.4556021729157151e+00 2.1289609607493780e+00
    -1.3565409149586946e+01 5.1760718013723263e+01
    -2.9751025293298067e-01 5.1847701393997048e-01
    1.4057703091221048e+00 -3.3493233745332187e+00
    -1.4714236315431485e+01 4.5698409326750742e+01
    -4.5830679734629141e-02 2.0577952103516754e-02
    1.5175187680469215e+00 -2.2098400648833902e-01
    -4.6796716261727020e+00 4.3776593933799070e+01
    -1.3905264426242525e-01 8.8426129400870107e-02
    2.0278857805870515e-01 -1.4191726696501124e+01
    -1.2500187083387578e+01 4.1250092761592001e+01</data></Extrinsic_Parameters>
<Image_points type_id="opencv-matrix">
  <rows>13</rows>
  <cols>48</cols>
  <dt>"2f"</dt>
  <data>
    2.43370911e+02 1.52513901e+02 2.62588196e+02 1.52426071e+02
    2.82373230e+02 1.52509247e+02 3.02466278e+02 1.52767807e+02
    3.22446442e+02 1.52858566e+02 3.42835358e+02 1.52681137e+02
    3.63436584e+02 1.52929306e+02 3.84685852e+02 1.53110641e+02
    2.41882675e+02 1.72158646e+02 2.61282288e+02 1.72357330e+02
    2.80960846e+02 1.72604630e+02 3.00936646e+02 1.72770691e+02
    3.21161499e+02 1.72897003e+02 3.41541779e+02 1.73286026e+02
    3.62546265e+02 1.73534927e+02 3.83453827e+02 1.73764206e+02
    2.40152405e+02 1.91699127e+02 2.59656372e+02 1.92190994e+02
    2.79407990e+02 1.92425186e+02 2.99527588e+02 1.92856186e+02
    3.19898865e+02 1.93304749e+02 3.40534546e+02 1.93755402e+02
    3.61311554e+02 1.94134949e+02 3.82501099e+02 1.94444397e+02
    2.38380615e+02 2.11611801e+02 2.58022400e+02 2.12159485e+02
    2.77828491e+02 2.12670868e+02 2.98167664e+02 2.13188095e+02
    3.18544189e+02 2.13789658e+02 3.39292053e+02 2.14267609e+02
    3.60335297e+02 2.14819382e+02 3.81394348e+02 2.15583633e+02
    2.36723099e+02 2.31675858e+02 2.56388275e+02 2.32393036e+02
    2.76369171e+02 2.32966400e+02 2.96601440e+02 2.33760483e+02
    3.17117584e+02 2.34468246e+02 3.38032410e+02 2.35129196e+02
    3.59168549e+02 2.36025436e+02 3.80526642e+02 2.36687103e+02
    2.34960327e+02 2.51988770e+02 2.54772141e+02 2.52731400e+02
    2.74822632e+02 2.53640030e+02 2.95120514e+02 2.54454941e+02
    3.15783600e+02 2.55233322e+02 3.36595398e+02 2.56165924e+02
    3.57849609e+02 2.56955078e+02 3.79279633e+02 2.57728882e+02
    6.82785950e+01 1.08384117e+02 9.25180664e+01 1.06155098e+02
    1.17778152e+02 1.03831413e+02 1.44102982e+02 1.01807716e+02
    1.70234879e+02 9.94370346e+01 1.96705734e+02 9.70223160e+01
    2.24330963e+02 9.47818527e+01 2.52345490e+02 9.23740311e+01
    6.94678879e+01 1.36104660e+02 9.40693054e+01 1.33932022e+02
    1.19475769e+02 1.32198547e+02 1.45282745e+02 1.30241135e+02
    1.71731339e+02 1.28315048e+02 1.98448853e+02 1.26211784e+02
    2.26057602e+02 1.24251595e+02 2.53634781e+02 1.22157990e+02
    7.03169327e+01 1.63391190e+02 9.53594437e+01 1.62132599e+02
    1.20597511e+02 1.60035675e+02 1.46679016e+02 1.58522736e+02
    1.73015045e+02 1.57036331e+02 2.00092606e+02 1.55390289e+02
    2.27351044e+02 1.53595139e+02 2.55110855e+02 1.51958466e+02
    7.12422333e+01 1.91064331e+02 9.62083511e+01 1.89405167e+02
    1.21868057e+02 1.88505981e+02 1.47745636e+02 1.86783768e+02
    1.74346649e+02 1.85525818e+02 2.01056976e+02 1.83879959e+02
    2.28568604e+02 1.82487701e+02 2.56009949e+02 1.81046707e+02
    7.20886765e+01 2.18070053e+02 9.70732422e+01 2.17199615e+02
    1.22604126e+02 2.15810043e+02 1.48521118e+02 2.15101532e+02
    1.74773849e+02 2.13589584e+02 2.01895325e+02 2.12709061e+02
    2.29265472e+02 2.11225571e+02 2.56895630e+02 2.10252701e+02
    7.25103226e+01 2.45619080e+02 9.75200500e+01 2.44580292e+02
    1.22866920e+02 2.43909592e+02 1.48887466e+02 2.42709732e+02
    1.75265030e+02 2.42089066e+02 2.02103348e+02 2.40932266e+02
    2.29455673e+02 2.40064468e+02 2.56844208e+02 2.39024521e+02
    1.88698013e+02 1.10185745e+02 2.13974762e+02 1.19864647e+02
    2.39532974e+02 1.29689529e+02 2.65517303e+02 1.39856659e+02
    2.90899872e+02 1.49528076e+02 3.16644501e+02 1.59429840e+02
    3.42320465e+02 1.69234390e+02 3.68204712e+02 1.79262589e+02
    1.78736511e+02 1.35800934e+02 2.04323257e+02 1.45473419e+02
    2.29826721e+02 1.55600388e+02 2.55308502e+02 1.65301620e+02
    2.81222290e+02 1.75211151e+02 3.06651550e+02 1.84910477e+02
    3.32365387e+02 1.95031433e+02 3.58126434e+02 2.04820267e+02
    1.68644333e+02 1.60918686e+02 1.94387146e+02 1.71283722e+02
    2.19829910e+02 1.80846115e+02 2.45607132e+02 1.90882690e+02
    2.71138947e+02 2.00861145e+02 2.96711914e+02 2.10638046e+02
    3.22380127e+02 2.20693665e+02 3.48129974e+02 2.30583298e+02
    1.58517700e+02 1.86685074e+02 1.84395844e+02 1.96509064e+02
    2.09880478e+02 2.06514908e+02 2.35505966e+02 2.16416229e+02
    2.61167114e+02 2.26438766e+02 2.86703461e+02 2.36380569e+02
    3.12389160e+02 2.46329193e+02 3.38098694e+02 2.56279114e+02
    1.48572662e+02 2.12132309e+02 1.74032394e+02 2.22111664e+02
    1.99784912e+02 2.32039627e+02 2.25409241e+02 2.41928253e+02
    2.51011993e+02 2.51967957e+02 2.76706146e+02 2.61969727e+02
    3.02373138e+02 2.71951874e+02 3.28078339e+02 2.82103943e+02
