%YAML:1.0
---
R: !!opencv-matrix
   rows: 3
   cols: 3
   dt: d
   data: [    999.972143035646e-003  ,  122.235643575176e-006  , -7.46312341745505e-003,
   -126.498956834922e-006  ,  999.999829103424e-003 ,  -570.781164156895e-006,
    7.46305237222987e-003  ,  571.709341253391e-006 ,   999.971987606512e-003 ]
T: !!opencv-matrix
   rows: 3
   cols: 1
   dt: d
   data: [    -147.789118104251e+000 ,   152.340039048314e-003 ,  -901.688129088383e-003 ]
R1: !!opencv-matrix
   rows: 3
   cols: 3
   dt: d
   data: [ 0.999999, -0.000905052, -0.0013615, 
      0.000904661, 1, -0.000287972, 
      0.00136176, 0.00028674, 0.999999   ]
R2: !!opencv-matrix
   rows: 3
   cols: 3
   dt: d
   data: [  0.999981, -0.00103077, 0.00610106, 
      0.00102902, 0.999999, 0.000290497, 
      -0.00610136, -0.000284213, 0.999981  ]
P1: !!opencv-matrix
   rows: 3
   cols: 4
   dt: d
   data: [239.89, 0, 162.623, 0, 
      0, 239.89, 122.367, 0, 
      0, 0, 1, 0]
P2: !!opencv-matrix
   rows: 3
   cols: 4
   dt: d
   data: [ 239.89, 0, 162.623, -35453.8, 
      0, 239.89, 122.367, 0, 
      0, 0, 1, 0 ]
Q: !!opencv-matrix
   rows: 4
   cols: 4
   dt: d
   data: [ 1, 0, 0, -162.623, 
      0, 1, 0, -122.367, 
      0, 0, 0, 239.89, 
      0, 0, 0.00676627, -0 ]
