%YAML:1.0
---
R: !!opencv-matrix
   rows: 3
   cols: 3
   dt: d
   data: [    999.997447075200e-003  ,  1.55456336112805e-003   ,-1.63987067769326e-003,
   -1.55638762637410e-003   , 999.998170826806e-003  , -1.11175563773195e-003,
    1.63813938350480e-003 ,   1.11430507393507e-003 ,   999.998037409855e-003 ]
T: !!opencv-matrix
   rows: 3
   cols: 1
   dt: d
   data: [ -147.554871657294e+000 ,   27.7833118028554e-003  ,  296.126182918217e-003 ]
R1: !!opencv-matrix
   rows: 3
   cols: 3
   dt: d
   data: [ 0.999992, 0.00136403, -0.00364654, 
      -0.00136607, 0.999999, -0.000555715, 
      0.00364578, 0.000560692, 0.999993  ]
R2: !!opencv-matrix
   rows: 3
   cols: 3
   dt: d
   data: [ 0.999998, -0.000188291, -0.00200688, 
      0.000189408, 1, 0.000556352, 
      0.00200678, -0.000556731, 0.999998]
P1: !!opencv-matrix
   rows: 3
   cols: 4
   dt: d
   data: [248.479, 0, 163.642, 0, 
      0, 248.479, 125.915, 0, 
      0, 0, 1, 0]
P2: !!opencv-matrix
   rows: 3
   cols: 4
   dt: d
   data: [ 248.479, 0, 163.642, -36664.3, 
      0, 248.479, 125.915, 0, 
      0, 0, 1, 0 ]
Q: !!opencv-matrix
   rows: 4
   cols: 4
   dt: d
   data: [ 1, 0, 0, -163.642, 
      0, 1, 0, -125.915, 
      0, 0, 0, 248.479, 
      0, 0, 0.00677713, -0 ]
