%YAML:1.0
---
R: !!opencv-matrix
   rows: 3
   cols: 3
   dt: d
   data: [     999.999252808372e-003   , 1.21972590196722e-003  , -81.5562486770289e-006,
   -1.21981062978437e-003  ,  999.998707886956e-003  , -1.04703698352787e-003,
    80.2790451679749e-006  , 1.04713568436966e-003,    999.999448530915e-003]
T: !!opencv-matrix
   rows: 3
   cols: 1
   dt: d
   data: [-147.972671384383e+000   , 411.543678164180e-003  , -2.47438581730499e+000]
R1: !!opencv-matrix
   rows: 3
   cols: 3
   dt: d
   data: [ 0.99986, -0.00154375, 0.0166409, 
      0.00155238, 0.999999, -0.000505583, 
      -0.0166401, 0.000531345, 0.999861 ]
R2: !!opencv-matrix
   rows: 3
   cols: 3
   dt: d
   data: [ 0.999856, -0.00278081, 0.0167195, 
      0.00277215, 0.999996, 0.000541677, 
      -0.0167209, -0.00049525, 0.99986 ]
P1: !!opencv-matrix
   rows: 3
   cols: 4
   dt: d
   data: [254.698, 0, 167.241, 0, 
      0, 254.698, 128.231, 0, 
      0, 0, 1, 0 ]
P2: !!opencv-matrix
   rows: 3
   cols: 4
   dt: d
   data: [ 254.698, 0, 167.241, -37693.7, 
      0, 254.698, 128.231, 0, 
      0, 0, 1, 0]
Q: !!opencv-matrix
   rows: 4
   cols: 4
   dt: d
   data: [ 1, 0, 0, -167.241, 
      0, 1, 0, -128.231, 
      0, 0, 0, 254.698, 
      0, 0, 0.00675703, -0  ]
