%YAML:1.0
---
M1: !!opencv-matrix
   rows: 3
   cols: 3
   dt: d
   data: [      239.253224982409e+000  , -124.689008371941e-003,    162.596603037596e+000,
    0. ,   239.288327947706e+000   , 120.009039430392e+000,
    0. ,   0. ,   1.  ]
D1: !!opencv-matrix
   rows: 1
   cols: 5
   dt: d
   data: [   -32.7462742673889e-003  ,  168.924715688894e-003   ,   17.1973719004842e-006  , -276.615172894935e-006 , -250.887667763755e-003]
M2: !!opencv-matrix
   rows: 3
   cols: 3
   dt: d
   data: [     238.187686779379e+000  , -135.266455895031e-003 ,   162.225295106042e+000,
    0.  ,  238.066851866496e+000   , 120.178938431033e+000,
    0.   , 0.  ,  1.  ]
D2: !!opencv-matrix
   rows: 1
   cols: 5
   dt: d
   data: [      -28.6190724824321e-003  ,  91.6551315421609e-003  , -86.9124497333884e-006 ,  -345.403010281734e-006 ,-101.022127065052e-003]

