%YAML:1.0
---
M1: !!opencv-matrix
   rows: 3
   cols: 3
   dt: d
   data: [ 246.976382230647e+000,374.344812313758e-003, 162.813691862963e+000, 0.,
        247.059779038306e+000,128.548155067815e+000, 0., 0., 1. ]
D1: !!opencv-matrix
   rows: 1
   cols: 5
   dt: d
   data: [ -0.0477605316954464,0.186494158030023, -0.000348518416402669 ,  0.00592510279536874,-0.288046734712607]
M2: !!opencv-matrix
   rows: 3
   cols: 3
   dt: d
   data: [ 246.843665104065e+000, 286.362140803276e-003, 164.829387695560e+000, 0.,
       245.965277852724e+000, 128.799707635845e+000, 0., 0., 1. ]
D2: !!opencv-matrix
   rows: 1
   cols: 5
   dt: d
   data: [ -0.0215911206178463, 0.0336774013102195, 0.000396777610042271, 0.00713344593044947, -0.0415120704806577 ]