%YAML:1.0
---
M1: !!opencv-matrix
   rows: 3
   cols: 3
   dt: d
   data: [       244.056391764364e+000  ,  149.836326265155e-003  ,  161.076624713273e+000,
    0.  ,  244.219661864262e+000  ,  122.175149036800e+000,
    0.  ,  0.  ,  1. ]
D1: !!opencv-matrix
   rows: 1
   cols: 5
   dt: d
   data: [   -59.9289764683610e-003  ,  400.300831552999e-003 , -357.787458486640e-006 ,  -1.47082925907762e-003,  -785.000257831511e-003 ]
M2: !!opencv-matrix
   rows: 3
   cols: 3
   dt: d
   data: [      243.162607184989e+000   , 283.686201250771e-003  ,  162.710371315916e+000,
    0.  ,  243.376744938900e+000 ,   122.331387104603e+000,
    0.   , 0. ,   1. ]
D2: !!opencv-matrix
   rows: 1
   cols: 5
   dt: d
   data: [   -21.2171189481712e-003  ,  98.5657416663200e-003  ,  -904.788098623992e-006 ,   12.9600502195522e-006,  -190.764478070008e-003 ]


   

