<?xml version="1.0"?>
<opencv_storage>
<calibration_Time>"Κυρ 15 Απρ 2018 04:34:13 μμ EEST"</calibration_Time>
<nrOfFrames>50</nrOfFrames>
<image_Width>640</image_Width>
<image_Height>480</image_Height>
<board_Width>8</board_Width>
<board_Height>6</board_Height>
<square_Size>50.</square_Size>
<FixAspectRatio>1.</FixAspectRatio>
<!-- flags:  +fix_aspectRatio +fix_principal_point +zero_tangent_dist -->
<flagValue>14</flagValue>
<Camera_Matrix type_id="opencv-matrix">
  <rows>3</rows>
  <cols>3</cols>
  <dt>d</dt>
  <data>
    5.3787012661270819e+02 0. 320. 0. 5.3787012661270819e+02 240. 0. 0.
    1.</data></Camera_Matrix>
<Distortion_Coefficients type_id="opencv-matrix">
  <rows>5</rows>
  <cols>1</cols>
  <dt>d</dt>
  <data>
    5.6885361218814504e-02 -1.4979695146980429e-01 0. 0.
    1.5528129652601314e-01</data></Distortion_Coefficients>
<Avg_Reprojection_Error>5.4330430115956119e-01</Avg_Reprojection_Error>
<Per_View_Reprojection_Errors type_id="opencv-matrix">
  <rows>50</rows>
  <cols>1</cols>
  <dt>f</dt>
  <data>
    4.78562057e-01 3.52650911e-01 4.35598224e-01 4.59353089e-01
    4.43446726e-01 4.09979910e-01 3.39798480e-01 4.59894210e-01
    3.20931375e-01 4.25139666e-01 3.07453096e-01 6.42551661e-01
    7.00441658e-01 3.99800986e-01 2.56151080e+00 3.92096162e-01
    3.36311370e-01 5.25426328e-01 3.10623944e-01 3.21554244e-01
    4.24368322e-01 3.08851540e-01 5.68780065e-01 4.59671736e-01
    1.98726043e-01 2.02049136e-01 3.60623121e-01 4.86856163e-01
    3.63647699e-01 3.16023797e-01 3.26172888e-01 3.50083798e-01
    3.65816265e-01 3.78655016e-01 3.53531599e-01 3.58688951e-01
    3.36289495e-01 3.60623121e-01 3.61190647e-01 3.79613936e-01
    4.01586175e-01 4.08385783e-01 4.28039014e-01 4.36358660e-01
    4.30673659e-01 4.22892064e-01 4.16684508e-01 4.34099674e-01
    4.31356788e-01 4.31266725e-01</data></Per_View_Reprojection_Errors>
<!-- a set of 6-tuples (rotation vector + translation vector) for each view -->
<Extrinsic_Parameters type_id="opencv-matrix">
  <rows>50</rows>
  <cols>6</cols>
  <dt>d</dt>
  <data>
    -4.9516586454178391e-01 -4.4529281092154127e-01
    -9.7111894940612509e-01 -3.5975610902631502e+01
    -1.0098900158961241e+02 7.7428044108896631e+02
    -6.1994275052238845e-01 3.3285661100711433e-02
    -1.2622821118621905e+00 1.7527784901961033e+02
    1.0917865285989478e+02 9.4070448663414993e+02
    -3.1493955568673243e-01 -1.7219973466554067e-01
    -1.0748041927683096e+00 -9.0787417711227825e+00
    1.3564265562598909e+00 7.1568488067457019e+02
    -2.0523819414609726e-01 -3.4584001398330316e-02
    -4.0745727184319780e-01 -1.7518526626306752e+02
    -1.3526908853722361e+02 6.9637599380767881e+02
    4.9934940781346034e-02 -1.4354417952696374e-01
    4.7535314724479812e-02 -1.2414094953908069e+01
    -2.3095544229473870e+02 7.4154664989113257e+02
    -4.3167311615668069e-01 3.1512555355391392e-01
    -1.2382328352241583e+00 1.4170308100525079e+02
    6.3746118600596953e+00 9.3428499497674829e+02
    -6.7101890179312063e-01 -2.0441292322901286e-01
    1.3586058872019682e+00 -1.3601133258072947e+01
    -2.5766628386816973e+02 1.2312130476102307e+03
    -5.5413470680165211e-01 -3.8049475553946360e-01
    1.2500804436006681e+00 3.4716219615446974e+01
    -3.2574395179873494e+02 1.0633076956138868e+03
    -1.3767098758142593e-01 7.7975254887831524e-02
    2.2486696879201520e-01 5.2057078255315446e+01
    -2.2594038660097800e+02 8.7361595858765043e+02
    -2.8418474139953426e-01 5.4988963426102544e-02
    6.1427297898848356e-02 1.3075158952413513e+01
    -1.5314242388691190e+02 9.5300097900238654e+02
    -3.6818990383694877e-01 9.9772557304169077e-02
    7.3380191283876040e-01 4.6704962199644896e+01
    -2.5124333874846766e+02 9.5311692589154734e+02
    -5.4423734154636982e-01 6.2484669215238264e-01
    1.3782979543433600e+00 2.3507019182116989e+02
    -2.4103217202489432e+02 8.4499890512489401e+02
    -3.0855665080124933e-01 1.0113246223372034e+00
    1.6400362395271488e+00 4.0397203721568610e+02
    -2.2917793270234966e+02 8.4724960831279407e+02
    -3.5115059608213023e-01 2.9015401290643117e-01
    6.6416643460768865e-01 7.7926245475170859e+01
    -2.2313196202144786e+02 8.1373916051111030e+02
    -4.3002953859535037e-01 -2.3983907918849856e-01
    -3.2552819442054237e-01 -4.8814826580655399e+01
    -2.9404472455613421e+02 1.3475957404193721e+03
    -5.6488635161938437e-02 2.7835760497236939e-01
    -1.8809429652979207e-01 -7.4486980965362433e+00
    -2.2868429709333978e+02 9.6520687357244651e+02
    2.8798558119660339e-02 -1.9232435341680462e-01
    2.4054148948352735e-01 -2.0650766412367824e+02
    -2.5376731607249576e+02 9.3655150255106787e+02
    -1.7462660337648545e-01 -2.0871388583679532e-01
    6.6997298965103491e-01 6.2460324064026942e+01
    -2.8797898213723568e+02 8.4941087734542145e+02
    -2.2550852297620325e-01 2.8132195614571184e-02
    5.3698885022771281e-01 -4.3778850084993365e+01
    -2.3273337293423151e+02 9.4618132257255127e+02
    -2.2240895514497691e-01 -2.5013439431043363e-02
    5.1092529013721100e-01 -4.1306715692062801e-01
    -2.3866681038309727e+02 9.6054575120416143e+02
    -2.0212051302249925e-01 2.6822956840731388e-01
    -1.1444517489091028e-02 7.1156148553826938e+01
    -1.4842996652334273e+02 8.8875699240507186e+02
    -2.2900056811423733e-01 4.2476635574185753e-02
    5.3219882555723885e-01 -4.6290400851691260e+01
    -2.3079328436105007e+02 9.4474173663723764e+02
    -3.2286607471281109e-01 1.1703267061839304e-01
    -6.8577389224913543e-01 -5.4976052865670319e+01
    -8.7916058278649814e+01 7.9074336717867641e+02
    -3.3308914275579304e-01 1.4925387578480215e-01
    -6.5139845014027109e-01 -7.6468015754201275e+01
    -6.4367598798271530e+01 9.0976114037728394e+02
    -6.6808683305079872e-02 1.6239493397932778e-01
    1.1242704274676620e+00 1.7110895571614614e+02
    -2.5435244828144226e+02 8.9519860789354016e+02
    1.7003053191748194e-02 4.1554258568175413e-02 1.5609219987906082e+00
    7.0627329466867522e+01 -2.2053256948460890e+02
    8.1300635365286519e+02 -5.6408746463327365e-02
    -2.0076368222574920e-01 -6.7864825949027152e-01
    -1.9239981087862901e+02 -9.9866854833061751e+01
    7.6673663078159427e+02 -3.3374295207335164e-01
    -3.8216463348367741e-01 -9.6105433523641082e-01
    -4.0865650180572722e+01 -8.9747938359340694e+01
    7.7774414404604363e+02 -5.6921468209546557e-02
    7.2091129559058151e-02 1.8637309554280104e-01 7.5412369881168129e+00
    -2.2551810787810575e+02 7.6936041407248763e+02
    5.2802614339768445e-03 7.2494701698350289e-02 1.5199412230138049e-01
    -2.8970687839548694e+00 -2.2262063466408287e+02
    7.6051006914883385e+02 7.0774621775332447e-02 7.3003848719784242e-02
    4.4752895374608644e-02 -2.9652853278790626e+01
    -2.0954554731385372e+02 7.4683194519432277e+02
    -6.5611850906098180e-03 8.1277694576645521e-02
    -1.4550551946632118e-01 -6.4551715809963611e+01
    -1.9349498492673339e+02 7.5094834811671433e+02
    -1.9031981727755005e-02 8.0634107004466493e-02
    -2.4053400123787996e-01 -7.8794564972084416e+01
    -1.8239570335225329e+02 7.4704669373251852e+02
    -7.6410191704780813e-04 7.4610354462909104e-02
    -3.3483860960211687e-01 -8.9861053215797682e+01
    -1.6981406524120823e+02 7.3852740030413167e+02
    -7.2679655032032567e-02 -2.7983715977499463e-02
    -6.4600615970287267e-01 -1.4563170331562759e+02
    -1.2084286276938843e+02 7.7936423480250187e+02
    -8.5252901794517097e-02 -6.3950138333454212e-02
    -6.3767522969708190e-01 -1.6000566543737943e+02
    -1.2013852534150534e+02 7.7934649988598881e+02
    -5.4595075143151081e-02 -1.1390206165774847e-01
    -6.4041438532762740e-01 -1.7370648504703613e+02
    -1.1685046748095824e+02 7.7434963632727613e+02
    -5.6408746463327539e-02 -2.0076368222574892e-01
    -6.7864825949027152e-01 -1.9239981087862901e+02
    -9.9866854833061780e+01 7.6673663078159439e+02
    -8.4186271586938199e-02 -2.6450652167080768e-01
    -7.0359480647587358e-01 -2.0447131840967086e+02
