<?xml version="1.0"?>
<opencv_storage>
<calibration_Time>"Σαβ 14 Απρ 2018 06:24:20 μμ EEST"</calibration_Time>
<nrOfFrames>31</nrOfFrames>
<image_Width>640</image_Width>
<image_Height>480</image_Height>
<board_Width>8</board_Width>
<board_Height>6</board_Height>
<square_Size>50.</square_Size>
<FixAspectRatio>1.</FixAspectRatio>
<!-- flags:  +fix_aspectRatio +fix_principal_point +zero_tangent_dist -->
<flagValue>14</flagValue>
<Camera_Matrix type_id="opencv-matrix">
  <rows>3</rows>
  <cols>3</cols>
  <dt>d</dt>
  <data>
    5.3613374515760518e+02 0. 320. 0. 5.3613374515760518e+02 240. 0. 0.
    1.</data></Camera_Matrix>
<Distortion_Coefficients type_id="opencv-matrix">
  <rows>5</rows>
  <cols>1</cols>
  <dt>d</dt>
  <data>
    9.5822990358441024e-02 -2.1713355960590155e-01 0. 0.
    2.8002380314594721e-01</data></Distortion_Coefficients>
<Avg_Reprojection_Error>5.6558256863335010e-01</Avg_Reprojection_Error>
<Per_View_Reprojection_Errors type_id="opencv-matrix">
  <rows>31</rows>
  <cols>1</cols>
  <dt>f</dt>
  <data>
    2.44930243e+00 3.72433096e-01 4.16743040e-01 2.94213802e-01
    3.51489872e-01 4.17080730e-01 2.76227891e-01 2.40778029e-01
    3.70587140e-01 5.77039897e-01 4.69639838e-01 2.17800200e-01
    3.30700815e-01 3.12272698e-01 1.65845022e-01 4.22037780e-01
    3.09359401e-01 4.63907421e-01 4.04317886e-01 3.69817734e-01
    4.58227962e-01 4.33380872e-01 2.40915298e-01 3.24501455e-01
    2.78603643e-01 3.10181618e-01 3.91048819e-01 4.16309565e-01
    3.76029313e-01 2.59840906e-01 2.33492002e-01</data></Per_View_Reprojection_Errors>
<!-- a set of 6-tuples (rotation vector + translation vector) for each view -->
<Extrinsic_Parameters type_id="opencv-matrix">
  <rows>31</rows>
  <cols>6</cols>
  <dt>d</dt>
  <data>
    -7.1363809363080866e-01 4.0931842471301626e-02
    -4.2021680396200184e-01 -2.9984716275002995e+02
    -2.2231013617005476e+02 1.3265352053649972e+03
    -3.1674378860719926e-01 -1.5445741957116596e-01
    -1.0573813133322179e+00 -3.3361948879118700e+02
    5.0763386468184386e+00 7.1920012961772568e+02
    -2.0005229546387943e-01 -6.8865972955243465e-02
    -1.0625091655619123e-01 -2.2629768345077423e+02
    -1.8452875694676607e+02 6.9951921325976650e+02
    -1.4086266520282953e-01 2.0403056901818173e-01
    -7.6381494303671332e-02 -3.3149272853312726e+02
    -1.6665830890046010e+02 1.0355655757933225e+03
    -4.0005048510177638e-01 3.2844531114673825e-01
    -1.2081768407383906e+00 -1.7913757662199919e+02
    2.2619696332222752e+01 9.5583663594985023e+02
    -6.3097433634617539e-01 -3.9063249686173018e-01
    1.2742959993920218e+00 -2.4728271223813630e+02
    -3.1505656485171340e+02 1.0813574088685762e+03
    -2.8409994634816366e-01 2.1756487350242142e-02
    1.0865926359227875e+00 -1.3068328856515950e+02
    -2.6984228390256629e+02 8.4625508993020594e+02
    -1.3650358032873430e-01 8.1989713167226766e-02
    2.8495963334835395e-01 -2.2837275163610252e+02
    -2.3091659401478032e+02 8.8420305366460843e+02
    -4.1369541882580929e-01 9.3168062767508067e-03
    6.1626432911834214e-02 -2.9207905322257380e+02
    -1.4908519902544279e+02 7.9463969810409651e+02
    -6.2825269126629912e-01 5.6212032586952820e-01
    1.3087997201931367e+00 -6.4521821347068951e+01
    -2.3634019200871722e+02 8.5867314732251407e+02
    -3.0768454630964592e-01 3.5106761920356067e-01
    6.5565050237017553e-01 -2.4514102521162880e+02
    -2.1480012707052668e+02 8.4099868227352999e+02
    -4.3767077633684953e-01 -9.4032436175615922e-02
    -2.0330555818318555e-02 -2.6600855766583976e+02
    -3.1844474286805882e+02 1.4025766830941036e+03
    -3.8849063178644722e-01 4.1902928547122531e-01
    -2.0844725548751455e-01 -2.3220999369213652e+02
    -1.2759039801275381e+02 1.1604593610669849e+03
    -3.4928299474533568e-02 2.5944403620232981e-01
    -1.7202660798628205e-01 -2.9346600818771765e+02
    -2.2708014656894684e+02 9.5121025075555701e+02
    -6.2540468938371979e-02 1.0425398350951280e-01
    2.1200941739634205e-01 -2.3244639324556630e+02
    -2.1722355258981511e+02 1.0635792369563510e+03
    -3.5459034229041270e-01 3.0001040565109810e-01
    -3.7022175018771686e-01 -2.3734391684241430e+02
    -1.3061410472785511e+02 9.1417622438655781e+02
    -2.4859968984094230e-01 5.8599217558206934e-02
    4.9843947198330274e-01 -3.4352945526363527e+02
    -2.1416657766208135e+02 9.6925676011239091e+02
    -1.6365238447358260e-01 -2.6550800701182053e-01
    2.7520764093295969e-01 -1.8403348368641500e+02
    -2.1644381904648125e+02 7.7797553220231600e+02
    -2.5275274913565143e-01 4.2213170250146842e-01
    -3.3681122677891064e-02 -3.1185525157764346e+02
    -1.3124372244389548e+02 9.8405940622216917e+02
    -4.2209042743792585e-01 3.3470194440783768e-01
    -5.4686129485814372e-01 -2.0638872382855007e+02
    -3.3386148210051630e+01 1.1465607766534188e+03
    -3.2905152022204820e-01 1.0364910557127545e-01
    -6.7647915797623870e-01 -3.2953706544673747e+02
    -7.5774239142722806e+01 8.6355208621729503e+02
    -2.5339215399320586e-01 4.3087882659958637e-01
    -3.4926490186539483e-02 -3.1560988247079268e+02
    -1.3043295573917547e+02 9.8080866691301787e+02
    -8.3337593333335500e-02 2.5923646928664862e-01
    1.2183735263975666e+00 -9.3594101148524899e+01
    -2.6517711147502615e+02 9.0594791036414381e+02
    -2.9543107146648379e-01 4.7052897328810439e-01
    1.4435465097912519e+00 4.4713646598345541e+01
    -2.6703091977745231e+02 9.7581855272753273e+02
    -8.2418160339707489e-02 4.8816203838068221e-02
    1.5211128404188814e+00 -1.3292519956091160e+01
    -1.2276561897774921e+02 8.3475917717495963e+02
    -1.2858575926992180e-01 8.8260842790318927e-02
    2.0368464793386667e-01 -3.0031095468158588e+02
    -2.3675748950960323e+02 7.7805164882135739e+02
    -4.1757947730024442e-01 -3.9757718468151049e-01
    -9.6530543750528675e-01 -3.3932843178657845e+02
    -9.3980670252889908e+01 7.7409099568080785e+02
    -2.3835383625379403e-01 -1.1370247470151637e-01
    -1.0253992332967672e+00 -2.5865841331319382e+02
    2.0910837447424271e+01 7.2535938466748667e+02
    -6.2406968672922758e-01 2.3446011844344555e-02
    -1.2606268764494675e+00 -1.2058338948946555e+02
    1.0851975450616195e+02 9.2933760547429836e+02
    -7.2897163177384205e-02 9.1909131653717765e-02
    1.8550911977212922e-01 -2.8620118635665074e+02
    -2.2485118933447859e+02 7.7275350769989541e+02
    -1.4644975293936853e-02 9.6045584638556822e-02
    1.5148688094377932e-01 -2.9639737729775129e+02
    -2.2227420574791404e+02 7.6563467166753128e+02</data></Extrinsic_Parameters>
