<?xml version="1.0"?>
<opencv_storage>
<calibration_Time>"Κυρ 15 Απρ 2018 03:47:56 μμ EEST"</calibration_Time>
<nrOfFrames>50</nrOfFrames>
<image_Width>640</image_Width>
<image_Height>480</image_Height>
<board_Width>8</board_Width>
<board_Height>6</board_Height>
<square_Size>50.</square_Size>
<FixAspectRatio>1.</FixAspectRatio>
<!-- flags:  +fix_aspectRatio +fix_principal_point +zero_tangent_dist -->
<flagValue>14</flagValue>
<Camera_Matrix type_id="opencv-matrix">
  <rows>3</rows>
  <cols>3</cols>
  <dt>d</dt>
  <data>
    5.3165905796349796e+02 0. 320. 0. 5.3165905796349796e+02 240. 0. 0.
    1.</data></Camera_Matrix>
<Distortion_Coefficients type_id="opencv-matrix">
  <rows>5</rows>
  <cols>1</cols>
  <dt>d</dt>
  <data>
    7.3733071714731743e-02 1.7634873166889872e-02 0. 0.
    -3.0146071124781793e-01</data></Distortion_Coefficients>
<Avg_Reprojection_Error>4.9851491626780636e-01</Avg_Reprojection_Error>
<Per_View_Reprojection_Errors type_id="opencv-matrix">
  <rows>50</rows>
  <cols>1</cols>
  <dt>f</dt>
  <data>
    2.44859171e+00 3.70305032e-01 4.08758312e-01 2.95303375e-01
    3.62802684e-01 4.34578598e-01 2.88461089e-01 2.45705962e-01
    4.03886467e-01 5.53009927e-01 4.77760226e-01 2.19710514e-01
    3.26619685e-01 3.06923032e-01 1.66286424e-01 4.25403178e-01
    3.23750854e-01 4.55202281e-01 4.05617863e-01 3.80842507e-01
    4.57620472e-01 4.35464621e-01 2.39190340e-01 3.22774470e-01
    2.84322292e-01 3.19974899e-01 3.75396103e-01 4.16008323e-01
    3.77438992e-01 2.69813567e-01 2.39483267e-01 2.36274391e-01
    3.02936256e-01 3.32604200e-01 3.43622893e-01 3.52922738e-01
    3.60465765e-01 3.73531878e-01 3.79651517e-01 3.73855650e-01
    3.89713854e-01 3.84054780e-01 3.83884162e-01 3.77255708e-01
    3.64992589e-01 3.67494166e-01 3.64666760e-01 3.72157454e-01
    3.79638165e-01 3.75219077e-01</data></Per_View_Reprojection_Errors>
<!-- a set of 6-tuples (rotation vector + translation vector) for each view -->
<Extrinsic_Parameters type_id="opencv-matrix">
  <rows>50</rows>
  <cols>6</cols>
  <dt>d</dt>
  <data>
    -7.1209659677309012e-01 4.0633534741299687e-02
    -4.2038569527881087e-01 -2.9989208311875183e+02
    -2.2242883501224227e+02 1.3153182469922831e+03
    -3.1562346147516274e-01 -1.5309471326161597e-01
    -1.0575602107257169e+00 -3.3366214458617770e+02
    5.1055361254929910e+00 7.1334978057495346e+02
    -1.9925825101259009e-01 -6.7973472255926815e-02
    -1.0623819472879704e-01 -2.2629629656809828e+02
    -1.8454575403157952e+02 6.9367292233563944e+02
    -1.4039109618146889e-01 2.0333468101910465e-01
    -7.6415359185765946e-02 -3.3154971660855261e+02
    -1.6668280051854578e+02 1.0268283571803238e+03
    -3.9881051607709622e-01 3.2831519688062366e-01
    -1.2080932039003225e+00 -1.7921991832538623e+02
    2.2538284472088748e+01 9.4823649803226215e+02
    -6.2991534854656084e-01 -3.9496823443067303e-01
    1.2738594412585782e+00 -2.4758762928313678e+02
    -3.1538412780179215e+02 1.0736701758358374e+03
    -2.8172220285398458e-01 2.2472856987671482e-02
    1.0866409598651943e+00 -1.3067825611605465e+02
    -2.6995539439158210e+02 8.3937123706252464e+02
    -1.3585272263944656e-01 8.1837563210316336e-02
    2.8493784576727155e-01 -2.2839168287311517e+02
    -2.3094208173612745e+02 8.7669771563741756e+02
    -4.1189354065947992e-01 9.2651196798502929e-03
    6.1500518877672342e-02 -2.9213901388986818e+02
    -1.4919115196557121e+02 7.8840958292465564e+02
    -6.2720345530357535e-01 5.6022749538186400e-01
    1.3084610889635460e+00 -6.4844523888300358e+01
    -2.3677547409235143e+02 8.5311838279875781e+02
    -3.0657839004415116e-01 3.5010890518151239e-01
    6.5542889675089355e-01 -2.4534438959293325e+02
    -2.1493767003174744e+02 8.3469294648583138e+02
    -4.3621980211258488e-01 -9.4399102876790514e-02
    -2.0474947452418374e-02 -2.6601841928613584e+02
    -3.1852108231322353e+02 1.3904230613493125e+03
    -3.8786366573029341e-01 4.1845196896357645e-01
    -2.0844797590073816e-01 -2.3232330288876216e+02
    -1.2766901575413173e+02 1.1512798223745278e+03
    -3.5021501342708206e-02 2.5862449942164917e-01
    -1.7190338545034542e-01 -2.9352089753037774e+02
    -2.2711120638319406e+02 9.4331894696710810e+02
    -6.2025858316668757e-02 1.0307158722440937e-01
    2.1199847229704624e-01 -2.3248589062867214e+02
    -2.1724577847015408e+02 1.0543288237998686e+03
    -3.5352762097242629e-01 2.9937475810941211e-01
    -3.7019632271586972e-01 -2.3745052256984977e+02
    -1.3071796605161526e+02 9.0684097133153386e+02
    -2.4640910689888726e-01 5.9597828356115101e-02
    4.9849355511777299e-01 -3.4356620781545934e+02
    -2.1424539944890304e+02 9.6150637716307847e+02
    -1.6260447292060193e-01 -2.6459710987808782e-01
    2.7523934537355760e-01 -1.8403163901877610e+02
    -2.1645297938998121e+02 7.7127665654043642e+02
    -2.5225266107429967e-01 4.2096183858848912e-01
    -3.3834108080282088e-02 -3.1203962641276911e+02
    -1.3129085919452922e+02 9.7626667907042179e+02
    -4.2162678140924126e-01 3.3457707267056724e-01
    -5.4684962735634945e-01 -2.0643893326729906e+02
    -3.3432546221912204e+01 1.1374419193393728e+03
    -3.2802756511598741e-01 1.0357462706933110e-01
    -6.7652698159701208e-01 -3.2956613082496011e+02
    -7.5816063231025254e+01 8.5634439394046296e+02
    -2.5287791766451850e-01 4.2971836654137896e-01
    -3.5084947351219489e-02 -3.1579683485465341e+02
    -1.3048024346485946e+02 9.7306249024361080e+02
    -8.2946015557536210e-02 2.5883948308760341e-01
    1.2183025851417462e+00 -9.3632384030967131e+01
    -2.6521791514433778e+02 8.9826233776221591e+02
    -2.9483312133181344e-01 4.6919253698193025e-01
    1.4436571195279035e+00 4.4648263595529528e+01
    -2.6718565233326359e+02 9.6796759992845739e+02
    -7.9611220516976056e-02 4.8284461624700889e-02
    1.5212373178225527e+00 -1.3279142333571572e+01
    -1.2277829357700725e+02 8.2717194670277979e+02
    -1.2795117563623021e-01 8.9593179235060355e-02
    2.0369311135518137e-01 -3.0028608123460396e+02
    -2.3676089017310267e+02 7.7180582841740204e+02
    -4.1611593545010145e-01 -3.9623539227207355e-01
    -9.6585730668994707e-01 -3.3941910642108854e+02
    -9.3939166545775805e+01 7.6774220223249438e+02
    -2.3729033909626063e-01 -1.1313651111158510e-01
    -1.0254707440591444e+00 -2.5866105969319125e+02
    2.0911316424444301e+01 7.1905284156150776e+02
    -6.2386714260773479e-01 2.4068702221926412e-02
    -1.2604891221251207e+00 -1.2058985463072669e+02
    1.0848193645229256e+02 9.2151186790480210e+02
    -7.2798577608236478e-02 9.3264170106810734e-02
    1.8552333860093256e-01 -2.8617480431473075e+02
    -2.2484518375762462e+02 7.6650120426300327e+02
    -1.5090333590932157e-02 9.7433266153840348e-02
    1.5150190891210216e-01 -2.9636848515331121e+02
    -2.2226717725618687e+02 7.5945841890182999e+02
    4.5166820734037140e-02 1.0656170132674089e-01 4.4568847474783284e-02
    -3.2273871091982545e+02 -2.0965686970560344e+02
    7.4855264992177160e+02 -2.9522076419776160e-02
    1.0615569790915640e-01 -1.4570414745171612e-01
    -3.5776320530548452e+02 -1.9305230197745954e+02
    7.5108528231398407e+02 -4.2929196562216783e-02
    1.0435228467536374e-01 -2.4066437212225958e-01
    -3.7193868488738406e+02 -1.8186909008457991e+02
    7.4717542747039465e+02 -2.6496424203539929e-02
    9.9830428771944868e-02 -3.3487734915047013e-01
    -3.8298041030344035e+02 -1.6941297521411528e+02
    7.3935041119827019e+02 -8.9015697503256275e-02
    -6.4875168491763061e-03 -6.4682337138763146e-01
    -4.3939891090568261e+02 -1.2032903695584879e+02
    7.8036190826031145e+02 -4.3463091751721461e-01
    -2.9621123040110420e-01 -9.3685023436736981e-01
    -4.2942031862808460e+02 -7.0244579192590408e+01
    7.6448291453414879e+02 -4.6249349825475211e-01
    -3.2613307964211535e-01 -9.3415448144977575e-01
    -4.0467279585424609e+02 -7.8792592085287239e+01
    7.6369271698160503e+02 -5.0692113934193517e-01
    -3.7980519785365563e-01 -9.3185230655000806e-01
