%YAML:1.0
---
R: !!opencv-matrix
   rows: 3
   cols: 3
   dt: d
   data: [ 9.9899150703466333e-01, 5.1972032641429498e-03,
       -4.4597734817403575e-02, -5.5199753236817341e-03,
       9.9995943604378412e-01, -7.1173126545837108e-03,
       4.4558935636280786e-02, 7.3563132905236275e-03,
       9.9897967242068220e-01 ]
T: !!opencv-matrix
   rows: 3
   cols: 1
   dt: d
   data: [ -1.2974609531616919e+01, 6.9967573498248148e-01,
       -9.3871315843299641e-01 ]
R1: !!opencv-matrix
   rows: 3
   cols: 3
   dt: d
   data: [ 9.9845624848299142e-01, -4.7999889261824608e-02,
       2.7948711886655240e-02, 4.8149913148715695e-02,
       9.9882897082370981e-01, -4.7194180806311593e-03,
       -2.7689451584345687e-02, 6.0578605217707273e-03,
       9.9959821758387335e-01 ]
R2: !!opencv-matrix
   rows: 3
   cols: 3
   dt: d
   data: [ 9.9595339795784088e-01, -5.3708315770610339e-02,
       7.2057240533586142e-02, 5.3502946843561584e-02,
       9.9855625761067934e-01, 4.7786049857114002e-03,
       -7.2209859266485932e-02, -9.0399316305534534e-04,
       9.9738905098315322e-01 ]
P1: !!opencv-matrix
   rows: 3
   cols: 4
   dt: d
   data: [ 1.9402613083852941e+02, 0., 1.4058774232864380e+02, 0., 0.,
       1.9402613083852941e+02, 1.1899595069885254e+02, 0., 0., 0., 1.,
       0. ]
P2: !!opencv-matrix
   rows: 3
   cols: 4
   dt: d
   data: [ 1.9402613083852941e+02, 0., 1.4058774232864380e+02,
       -2.5276416464085387e+03, 0., 1.9402613083852941e+02,
       1.1899595069885254e+02, 0., 0., 0., 1., 0. ]
Q: !!opencv-matrix
   rows: 4
   cols: 4
   dt: d
   data: [ 1., 0., 0., -1.4058774232864380e+02, 0., 1., 0.,
       -1.1899595069885254e+02, 0., 0., 0., 1.9402613083852941e+02, 0.,
       0., 7.6761724160628625e-02, 0. ]
