%YAML:1.0
---
R: !!opencv-matrix
   rows: 3
   cols: 3
   dt: d
   data: [ 9.9992046617233687e-01, -4.8578038607443886e-04,
       1.2602592872621455e-02, 3.1964922522354254e-04,
       9.9991307619178882e-01, 1.3180966772084532e-02,
       -1.2607900462383010e-02, -1.3175890030297304e-02,
       9.9983370455683285e-01 ]
T: !!opencv-matrix
   rows: 3
   cols: 1
   dt: d
   data: [ -5.8423833373210856e+00, -2.0977198616634381e-03,
       9.1360526552317523e-02 ]
R1: !!opencv-matrix
   rows: 3
   cols: 3
   dt: d
   data: [ 9.9999541473327291e-01, 7.9269342708572203e-05,
       -3.0272477270342187e-03, -5.9322537448898535e-05,
       9.9997829310975361e-01, 6.5886106380704445e-03,
       3.0277042897347050e-03, -6.5884008435166544e-03,
       9.9997371264501700e-01 ]
R2: !!opencv-matrix
   rows: 3
   cols: 3
   dt: d
   data: [ 9.9987769159217332e-01, 3.5900816016102481e-04,
       -1.5635631405463923e-02, -4.6205408312523596e-04,
       9.9997819648387953e-01, -6.5873411078995817e-03,
       1.5632925584511025e-02, 6.5937599280300012e-03,
       9.9985605662399257e-01 ]
P1: !!opencv-matrix
   rows: 3
   cols: 4
   dt: d
   data: [ 4.5862614521260230e+02, 0., 3.3216980361938477e+02, 0., 0.,
       4.5862614521260230e+02, 2.3426328086853027e+02, 0., 0., 0., 1.,
       0. ]
P2: !!opencv-matrix
   rows: 3
   cols: 4
   dt: d
   data: [ 4.5862614521260230e+02, 0., 3.3216980361938477e+02,
       -2.6797975106167296e+03, 0., 4.5862614521260230e+02,
       2.3426328086853027e+02, 0., 0., 0., 1., 0. ]
Q: !!opencv-matrix
   rows: 4
   cols: 4
   dt: d
   data: [ 1., 0., 0., -3.3216980361938477e+02, 0., 1., 0.,
       -2.3426328086853027e+02, 0., 0., 0., 4.5862614521260230e+02, 0.,
       0., 1.7114208942863521e-01, 0. ]
