%YAML:1.0
---
R: !!opencv-matrix
   rows: 3
   cols: 3
   dt: d
   data: [ 9.9089114511009568e-01, -6.7141476795528579e-02,
       1.1673371679218830e-01, 6.6859261906769982e-02,
       9.9774229762748623e-01, 6.3361362285315262e-03,
       -1.1689558434639549e-01, 1.5263088612964830e-03,
       9.9314303740275733e-01 ]
T: !!opencv-matrix
   rows: 3
   cols: 1
   dt: d
   data: [ -7.9839950041732459e+00, -3.4616826019269137e-01,
       -1.7806296971557106e-01 ]
R1: !!opencv-matrix
   rows: 3
   cols: 3
   dt: d
   data: [ 9.9000687933849119e-01, -2.3819254186173193e-02,
       1.3899288468290960e-01, 2.3825489574106729e-02,
       9.9971482139049117e-01, 1.6192401713594257e-03,
       -1.3899181597855420e-01, 1.7085146159406231e-03,
       9.9029205594551273e-01 ]
R2: !!opencv-matrix
   rows: 3
   cols: 3
   dt: d
   data: [ 9.9881346627352163e-01, 4.3306329687857824e-02,
       2.2276027465398369e-02, -4.3324842912058084e-02,
       9.9906097724020537e-01, 3.4891616662201860e-04,
       -2.2239999490065422e-02, -1.3136075564656735e-03,
       9.9975179762672550e-01 ]
P1: !!opencv-matrix
   rows: 3
   cols: 4
   dt: d
   data: [ -2.6665123974721300e+03, 0., 2.1749068485498428e+03, 0., 0.,
       -2.6665123974721300e+03, 2.9861524707078934e+02, 0., 0., 0., 1.,
       0. ]
P2: !!opencv-matrix
   rows: 3
   cols: 4
   dt: d
   data: [ -2.6665123974721300e+03, 0., 2.1749068485498428e+03,
       2.1314712284979825e+04, 0., -2.6665123974721300e+03,
       2.9861524707078934e+02, 0., 0., 0., 1., 0. ]
Q: !!opencv-matrix
   rows: 4
   cols: 4
   dt: d
   data: [ 1., 0., 0., -2.1749068485498428e+03, 0., 1., 0.,
       -2.9861524707078934e+02, 0., 0., 0., -2.6665123974721300e+03, 0.,
       0., 1.2510196533833506e-01, 0. ]
