%YAML:1.0
---
M1: !!opencv-matrix
   rows: 3
   cols: 3
   dt: d
   data: [ 5.7597088287096278e+02, 0., 3.0205073019896349e+02, 0.,
       5.4002407241479796e+02, 2.4074871325149607e+02, 0., 0., 1. ]
D1: !!opencv-matrix
   rows: 1
   cols: 14
   dt: d
   data: [ 1.4623350771473782e+00, 5.9810815016726404e-01, 0., 0., 0.,
       0., 0., 2.2906179120158352e+01, 0., 0., 0., 0., 0., 0. ]
M2: !!opencv-matrix
   rows: 3
   cols: 3
   dt: d
   data: [ 5.7597088287096278e+02, 0., 3.6979698346202713e+02, 0.,
       5.4002407241479796e+02, 2.3716353052430460e+02, 0., 0., 1. ]
D2: !!opencv-matrix
   rows: 1
   cols: 14
   dt: d
   data: [ -6.6578357406253896e-01, 3.6463183144219577e-04, 0., 0., 0.,
       0., 0., -3.2753238437967664e+00, 0., 0., 0., 0., 0., 0. ]
