%YAML:1.0
---
M1: !!opencv-matrix
   rows: 3
   cols: 3
   dt: d
   data: [ 5.1841713178131818e+02, 0., 3.2877756745612095e+02, 0.,
       5.1258110819325225e+02, 2.4007551181991337e+02, 0., 0., 1. ]
D1: !!opencv-matrix
   rows: 1
   cols: 14
   dt: d
   data: [ -5.9760601769476441e-03, -1.8857161721191281e-02, 0., 0., 0.,
       0., 0., -1.5594232461743635e-01, 0., 0., 0., 0., 0., 0. ]
M2: !!opencv-matrix
   rows: 3
   cols: 3
   dt: d
   data: [ 5.1841713178131818e+02, 0., 3.2121321470256601e+02, 0.,
       5.1258110819325225e+02, 2.3339075107809535e+02, 0., 0., 1. ]
D2: !!opencv-matrix
   rows: 1
   cols: 14
   dt: d
   data: [ 3.4917859183721804e-02, 1.6888986650466362e-01, 0., 0., 0.,
       0., 0., 5.9447654573566355e-01, 0., 0., 0., 0., 0., 0. ]
