%YAML:1.0
---
M1: !!opencv-matrix
   rows: 3
   cols: 3
   dt: d
   data: [ 2.2138290913515206e+02, 0., 1.6197571673370575e+02, 0.,
       2.2405572918587259e+02, 1.1950917387288237e+02, 0., 0., 1. ]
D1: !!opencv-matrix
   rows: 1
   cols: 14
   dt: d
   data: [ -6.2292896331831583e-02, -6.1000620364657554e-01, 0., 0., 0.,
       0., 0., -1.3809173427158417e+00, 0., 0., 0., 0., 0., 0. ]
M2: !!opencv-matrix
   rows: 3
   cols: 3
   dt: d
   data: [ 2.2138290913515206e+02, 0., 1.5915643636293288e+02, 0.,
       2.2405572918587259e+02, 1.1758467745328913e+02, 0., 0., 1. ]
D2: !!opencv-matrix
   rows: 1
   cols: 14
   dt: d
   data: [ -2.1672194758751170e-01, 1.6778494986492873e-01, 0., 0., 0.,
       0., 0., -1.6932620654717642e-01, 0., 0., 0., 0., 0., 0. ]
