<?xml version="1.0"?>
<opencv_storage>
<calibration_Time>"Πεμ 26 Απρ 2018 02:36:53 μμ EEST"</calibration_Time>
<nrOfFrames>13</nrOfFrames>
<image_Width>640</image_Width>
<image_Height>480</image_Height>
<board_Width>8</board_Width>
<board_Height>6</board_Height>
<square_Size>2.5999999046325684e+00</square_Size>
<FixAspectRatio>1.</FixAspectRatio>
<!-- flags:  +fix_aspectRatio +fix_principal_point -->
<flagValue>6</flagValue>
<Camera_Matrix type_id="opencv-matrix">
  <rows>3</rows>
  <cols>3</cols>
  <dt>d</dt>
  <data>
    5.4219653630176265e+02 0. 320. 0. 5.4219653630176265e+02 240. 0. 0.
    1.</data></Camera_Matrix>
<Distortion_Coefficients type_id="opencv-matrix">
  <rows>5</rows>
  <cols>1</cols>
  <dt>d</dt>
  <data>
    -4.7027694770936886e-02 3.9961916449205337e-01
    -9.6063905882643481e-03 -1.0122341182484053e-03
    -7.2420815229623015e-01</data></Distortion_Coefficients>
<Avg_Reprojection_Error>2.7844068689927692e-01</Avg_Reprojection_Error>
<Per_View_Reprojection_Errors type_id="opencv-matrix">
  <rows>13</rows>
  <cols>1</cols>
  <dt>f</dt>
  <data>
    1.66096210e-01 2.78625220e-01 2.76446939e-01 2.35591903e-01
    2.39237577e-01 3.29676241e-01 3.08473170e-01 2.05224976e-01
    1.93043262e-01 3.08711588e-01 3.22608590e-01 3.02749634e-01
    3.73144925e-01</data></Per_View_Reprojection_Errors>
<!-- a set of 6-tuples (rotation vector + translation vector) for each view -->
<Extrinsic_Parameters type_id="opencv-matrix">
  <rows>13</rows>
  <cols>6</cols>
  <dt>d</dt>
  <data>
    -1.4293023856951242e-01 1.8036611626709179e-01
    5.3178045960397206e-02 5.3854526349808181e+00
    -1.1326998467226812e+01 7.0197020073224479e+01
    -1.2045806394480305e-02 1.8221054823427413e-01
    -3.0899372118833035e-02 -8.5568857103230318e+00
    -1.2454718452902121e+01 5.1577906863244742e+01
    -4.3102652884384862e-02 2.3895683352703413e-02
    3.7427826331093439e-01 2.8692076295419180e+00
    -1.2309891936702341e+01 5.1666235579284979e+01
    -3.3690915828575596e-01 -2.6856464509314788e-02
    5.0514303079971667e-01 -1.8364817973108609e+00
    -1.1805225408458716e+01 5.1280100794726110e+01
    -4.0749636606477496e-01 3.3569268078526127e-01
    -5.6886119022458381e-01 5.4383010247149324e+00
    -1.3784610221788656e+00 6.0129902959649939e+01
    -3.6892799006864185e-01 2.8344127766178007e-01
    -5.0795171091316627e-01 -6.2464676037056108e+00
    -3.0255857121984326e+00 4.7387144490274665e+01
    -3.3879398750900658e-01 1.3675349607235987e-01
    -6.3357021763883736e-01 -3.7889127824558702e+00
    -3.5206873715044251e+00 4.7383765124685077e+01
    -2.7156722344899376e-01 3.3067536873921229e-02
    5.1474981294388011e-01 -4.6602431234539471e-01
    -9.9198587137910881e+00 4.9084721903444326e+01
    -7.6505332675918108e-02 1.7712683570512000e-01
    1.1146080406481480e+00 8.5047451895105741e+00
    -1.3015837250247232e+01 4.6385486490803238e+01
    -3.2054315925965238e-01 4.5141652256892162e-01
    1.4570496464895033e+00 1.7386433915812670e+01
    -1.3512500128382269e+01 5.1394425729997778e+01
    -3.1538102159102033e-01 4.9937552443488314e-01
    1.4065000490741641e+00 1.1893677724074363e+01
    -1.4683202031873849e+01 4.5282326516970329e+01
    -9.2993513597984120e-02 1.3071615944453656e-02
    1.5216790358162959e+00 1.5055785854627846e+01
    -4.6306110234837403e+00 4.3600258161399360e+01
    -1.4286704777554099e-01 6.6377407725695697e-02
    2.0788113976852485e-01 1.0942833414976376e+00
    -1.2536362060448038e+01 4.0601613213599926e+01</data></Extrinsic_Parameters>
<Image_points type_id="opencv-matrix">
  <rows>13</rows>
  <cols>48</cols>
  <dt>"2f"</dt>
  <data>
    3.61512268e+02 1.52446930e+02 3.81591400e+02 1.52225235e+02
    4.02086487e+02 1.52627090e+02 4.23128052e+02 1.52796921e+02
    4.43881165e+02 1.52966324e+02 4.65492859e+02 1.52604736e+02
    4.87023071e+02 1.52936279e+02 5.08953918e+02 1.53009613e+02
    3.60590881e+02 1.71856308e+02 3.80731964e+02 1.72245773e+02
    4.01314056e+02 1.72519363e+02 4.21870880e+02 1.72893219e+02
    4.43269989e+02 1.72966553e+02 4.64431488e+02 1.73443756e+02
    4.86313324e+02 1.73473083e+02 5.08202759e+02 1.73906204e+02
    3.59361389e+02 1.91644760e+02 3.79682190e+02 1.92097977e+02
    4.00319336e+02 1.92513840e+02 4.21344696e+02 1.92964478e+02
    4.42236511e+02 1.93616028e+02 4.63771698e+02 1.93815826e+02
    4.85606049e+02 1.94445435e+02 5.07740295e+02 1.94555542e+02
    3.58221954e+02 2.11544739e+02 3.78812103e+02 2.12106354e+02
    3.99300262e+02 2.12666748e+02 4.20342987e+02 2.13343155e+02
    4.41478363e+02 2.13913666e+02 4.63215393e+02 2.14553070e+02
    4.85018158e+02 2.15079147e+02 5.07183472e+02 2.15858231e+02
    3.56989655e+02 2.31710587e+02 3.77514587e+02 2.32346710e+02
    3.98406799e+02 2.33118195e+02 4.19391541e+02 2.33868973e+02
    4.40851288e+02 2.34641891e+02 4.62324493e+02 2.35224045e+02
    4.84276062e+02 2.36279480e+02 5.06538666e+02 2.36800110e+02
    3.55937256e+02 2.51980988e+02 3.76543671e+02 2.52773285e+02
    3.97355194e+02 2.53723022e+02 4.18634003e+02 2.54490707e+02
    4.39933258e+02 2.55271088e+02 4.61588837e+02 2.56341797e+02
    4.83859711e+02 2.57043945e+02 5.06236603e+02 2.58004730e+02
    2.29509506e+02 1.08432175e+02 2.55756454e+02 1.06104126e+02
    2.82702850e+02 1.04021912e+02 3.10296387e+02 1.01829491e+02
    3.38166046e+02 9.95461044e+01 3.66699982e+02 9.68710480e+01
    3.95707062e+02 9.46690750e+01 4.25418457e+02 9.20896912e+01
    2.30606415e+02 1.36021759e+02 2.56841583e+02 1.34162750e+02
    2.83825256e+02 1.32195786e+02 3.11168091e+02 1.30304642e+02
    3.39281830e+02 1.28297287e+02 3.67492767e+02 1.26420204e+02
    3.96814514e+02 1.24300156e+02 4.25929749e+02 1.22290451e+02
    2.31407547e+02 1.63482803e+02 2.57944000e+02 1.61967651e+02
    2.84724609e+02 1.60334259e+02 3.12162689e+02 1.58550674e+02
    3.40087158e+02 1.56971664e+02 3.68426788e+02 1.55082703e+02
    3.97411285e+02 1.53530304e+02 4.26722900e+02 1.51717041e+02
    2.32206375e+02 1.90804138e+02 2.58697876e+02 1.89489975e+02
    2.85637390e+02 1.88156281e+02 3.12896912e+02 1.86817719e+02
    3.41074432e+02 1.85354523e+02 3.69241913e+02 1.83945465e+02
    3.98389435e+02 1.82473007e+02 4.27485138e+02 1.81148453e+02
    2.32941666e+02 2.18291870e+02 2.59376404e+02 2.17057007e+02
    2.86223511e+02 2.16051620e+02 3.13686279e+02 2.14706085e+02
    3.41700409e+02 2.13549164e+02 3.70013611e+02 2.12308685e+02
    3.99064941e+02 2.11365555e+02 4.28367279e+02 2.09998779e+02
    2.33497818e+02 2.45562912e+02 2.59952454e+02 2.44630402e+02
    2.86797272e+02 2.43696533e+02 3.14295990e+02 2.42875931e+02
    3.42371796e+02 2.41933670e+02 3.70641541e+02 2.41086395e+02
    3.99740540e+02 2.40107407e+02 4.29121857e+02 2.39078812e+02
    3.49691742e+02 1.10283180e+02 3.75753235e+02 1.19762260e+02
    4.01139801e+02 1.29651291e+02 4.26932953e+02 1.39697052e+02
    4.52701416e+02 1.49561493e+02 4.78951782e+02 1.59332565e+02
    5.04652863e+02 1.69315933e+02 5.30756104e+02 1.79245514e+02
    3.40021362e+02 1.35571823e+02 3.65471436e+02 1.45666382e+02
    3.91276978e+02 1.55301605e+02 4.17049225e+02 1.65271866e+02
    4.42736298e+02 1.75100143e+02 4.68414612e+02 1.85118942e+02
    4.94481628e+02 1.95156677e+02 5.20234680e+02 2.04936813e+02
    3.29965454e+02 1.61131149e+02 3.55566742e+02 1.70944229e+02
    3.81276550e+02 1.80967361e+02 4.07028961e+02 1.90825470e+02
    4.32673889e+02 2.00881073e+02 4.58427460e+02 2.10648834e+02
    4.84205963e+02 2.20843109e+02 5.09856873e+02 2.30545868e+02
    3.20076599e+02 1.86591064e+02 3.45635254e+02 1.96457932e+02
    3.71324219e+02 2.06495209e+02 3.97089813e+02 2.16518219e+02
    4.22724731e+02 2.26449051e+02 4.48242371e+02 2.36485947e+02
    4.74282654e+02 2.46432388e+02 4.99921356e+02 2.56402740e+02
    3.09954956e+02 2.11978867e+02 3.35672363e+02 2.21978256e+02
    3.61427795e+02 2.31876465e+02 3.87155182e+02 2.41999741e+02
    4.12974701e+02 2.51935898e+02 4.38741150e+02 2.61952026e+02
    4.64351685e+02 2.72036163e+02 4.90206390e+02 2.82063965e+02
